15
67
8c
06
fc
7f
00
00
02
00
00
00
00
00
00
00
00
60
f6
46
40
7f
00
00
d0
9d
40
00
00
00
00
00
10
65
8c
06
fc
7f
00
00
8e
21
f4
46
40
7f
00
00
07
00
00
00
00
00
00
00
70
66
8c
06
fc
7f
00
00
07
00
00
00
00
00
00
00
e9
70
8c
06
fc
7f
00
00
70
66
8c
06
fc
7f
00
00
80
86
b0
46
40
7f
00
00
00
a0
b0
46
40
7f
00
00
9c
8f
f3
46
40
7f
00
00
21
07
00
00
00
00
00
00
48
aa
aa
46
40
7f
00
00
50
90
f2
46
40
7f
00
00
80
1f
00
00
ff
ff
00
00
04
00
00
00
00
00
00
00
68
6c
40
00
00
00
00
00
00
00
00
00
00
00
00
00
20
a0
40
00
00
00
00
00
b0
61
8c
06
fc
7f
00
00
cc
fc
f3
46
40
7f
00
00
01
00
00
00
00
00
00
00
56
fe
f3
46
40
7f
00
00
75
1a
69
09
02
00
00
00
50
90
f2
46
40
7f
00
00
98
ee
a9
46
40
7f
00
00
c0
91
a6
46
40
7f
00
00
70
62
8c
06
fc
7f
00
00
c0
65
8c
06
fc
7f
00
00
